params:
  loc: 0.07930158214998745
  scale: 0.06858078649769431
  shape: 0.42247119243841247
type: lognorm