params:
  loc: 0.003485330525882586
  scale: 0.000987812095765591
  shape: 0.4807840738997673
type: lognorm