type: lognorm
params:
  shape: 0.3602186151645037
  loc: 0.07286179915989166
  scale: 0.0866923686839878
